3 0.186343 0.098251 0.023920 0.030864
3 0.217593 0.907922 0.019290 0.029835
3 0.271219 0.861368 0.018519 0.023148
3 0.280285 0.182099 0.016590 0.021605
1 0.288387 0.495370 0.021219 0.023663
3 0.347222 0.034722 0.011574 0.019033
3 0.396991 0.099794 0.017747 0.021605
3 0.467400 0.320473 0.012731 0.023663
3 0.538773 0.453961 0.021219 0.022119
3 0.544753 0.781121 0.016975 0.024177
3 0.554012 0.445473 0.016204 0.021605
3 0.597801 0.245113 0.012731 0.018004
3 0.603974 0.938014 0.018133 0.019033
1 0.690394 0.369084 0.031250 0.037551
3 0.697338 0.542181 0.009645 0.024691
3 0.734568 0.531636 0.014660 0.025206
3 0.839699 0.862912 0.019676 0.027263
3 0.888310 0.019290 0.018133 0.026235
3 0.907986 0.013374 0.020448 0.024691
