3 0.027971 0.939043 0.028935 0.034465
3 0.066358 0.148920 0.020833 0.035494
3 0.123843 0.920525 0.020833 0.027263
3 0.160880 0.373457 0.016204 0.022634
3 0.194059 0.017490 0.023148 0.026749
3 0.237269 0.289095 0.021605 0.031893
3 0.237076 0.466821 0.020448 0.029321
3 0.248071 0.834619 0.022377 0.028292
3 0.253472 0.810957 0.018519 0.027263
3 0.301312 0.603909 0.020833 0.028807
3 0.308835 0.623971 0.023534 0.031893
3 0.344907 0.033693 0.027778 0.026235
3 0.352623 0.261317 0.016975 0.027778
3 0.354745 0.520576 0.021219 0.026749
3 0.377122 0.446759 0.020448 0.029321
3 0.384645 0.274434 0.026235 0.032407
3 0.428819 0.140689 0.027392 0.033436
0 0.484182 0.457305 0.057099 0.077160
3 0.491127 0.827932 0.027778 0.041667
3 0.584298 0.120628 0.021991 0.018004
3 0.584298 0.792953 0.021991 0.033436
3 0.592785 0.543981 0.020448 0.025206
3 0.616512 0.111883 0.026235 0.037551
3 0.636767 0.951389 0.024306 0.030350
3 0.652006 0.690329 0.021605 0.019547
3 0.655093 0.941872 0.015432 0.037037
3 0.681713 0.586677 0.026235 0.029321
3 0.689236 0.629887 0.022762 0.025206
3 0.722608 0.146862 0.023148 0.029321
3 0.787616 0.655864 0.024306 0.029835
3 0.813079 0.630144 0.024306 0.038066
3 0.841435 0.338992 0.021605 0.032922
3 0.846836 0.300412 0.024691 0.026749
3 0.858989 0.563529 0.031250 0.039609
3 0.869213 0.332819 0.020833 0.030864
3 0.895833 0.333076 0.028549 0.036523
3 0.912809 0.315844 0.024691 0.033951
3 0.912037 0.617284 0.017747 0.028807
3 0.916667 0.178241 0.021605 0.021091
3 0.921875 0.806327 0.026620 0.031379
3 0.982446 0.201646 0.017361 0.022634
