3 0.055363 0.039352 0.032793 0.031379
3 0.128472 0.409979 0.030864 0.034979
3 0.175540 0.118313 0.028549 0.042181
3 0.190779 0.663580 0.026620 0.037037
3 0.224344 0.634259 0.021991 0.037037
3 0.273920 0.429012 0.025463 0.036008
3 0.283565 0.898663 0.023920 0.031893
3 0.309028 0.422840 0.030093 0.031893
3 0.310378 0.761060 0.022762 0.033436
3 0.316165 0.555556 0.032793 0.029835
3 0.336420 0.403807 0.028549 0.038066
3 0.399691 0.705247 0.023920 0.039095
3 0.482253 0.643004 0.029321 0.028807
3 0.486883 0.898405 0.036265 0.033436
3 0.509066 0.295010 0.026620 0.033436
3 0.521412 0.651235 0.022762 0.033951
3 0.564429 0.529578 0.033179 0.037551
3 0.604360 0.680556 0.028164 0.041152
3 0.619985 0.445473 0.020062 0.038066
3 0.657022 0.100566 0.026235 0.036523
3 0.684221 0.583591 0.024306 0.038580
3 0.788580 0.615741 0.026235 0.030864
3 0.847222 0.342078 0.028549 0.048354
3 0.858218 0.109311 0.028164 0.039609
3 0.876543 0.576903 0.020833 0.028292
3 0.877122 0.680813 0.021991 0.045782
3 0.891204 0.175154 0.030864 0.037551
3 0.890625 0.947274 0.025077 0.044753
3 0.899498 0.551955 0.032022 0.053498
3 0.929012 0.518519 0.029321 0.038066
