3 0.032986 0.501543 0.025077 0.024691
3 0.049769 0.375772 0.018519 0.044753
3 0.070795 0.760802 0.019676 0.042181
3 0.076003 0.788323 0.020062 0.025206
3 0.078511 0.148920 0.022762 0.027263
3 0.202739 0.541667 0.018133 0.027778
3 0.228974 0.616512 0.020448 0.030350
3 0.248264 0.787037 0.022762 0.047325
3 0.251350 0.302469 0.022762 0.028807
3 0.289738 0.694702 0.046296 0.026235
3 0.279514 0.641975 0.024306 0.028807
3 0.297647 0.820730 0.026620 0.025206
3 0.367091 0.778035 0.032793 0.031379
3 0.376157 0.502572 0.023920 0.037037
3 0.392747 0.362397 0.029321 0.028292
3 0.406829 0.323560 0.034336 0.028807
3 0.444830 0.391204 0.030864 0.032407
3 0.454282 0.442644 0.030478 0.032407
3 0.538966 0.419753 0.026235 0.032922
3 0.548225 0.696502 0.023920 0.028807
3 0.561921 0.147377 0.022762 0.035494
3 0.575810 0.682870 0.026620 0.041667
3 0.586420 0.738169 0.020833 0.030864
3 0.601080 0.686471 0.024691 0.033436
3 0.628858 0.677469 0.020833 0.025720
3 0.637731 0.110340 0.024691 0.040638
3 0.641782 0.485854 0.030478 0.031379
3 0.652971 0.667438 0.022762 0.026235
3 0.720293 0.941101 0.031636 0.042695
3 0.723187 0.270833 0.027392 0.031379
3 0.724344 0.094136 0.021991 0.027778
3 0.763889 0.779835 0.021605 0.033951
3 0.784915 0.708591 0.021991 0.033436
3 0.790509 0.418210 0.028549 0.029835
3 0.802855 0.935442 0.028549 0.026235
3 0.815008 0.629372 0.018133 0.030350
3 0.846836 0.139918 0.020062 0.031893
3 0.887346 0.796553 0.029321 0.036523
3 0.902006 0.331790 0.016975 0.025720
3 0.909915 0.489455 0.022762 0.031379
3 0.919367 0.332819 0.023920 0.030864
3 0.937307 0.881430 0.023534 0.028292
