3 0.019676 0.300412 0.014660 0.020576
3 0.025270 0.737912 0.019676 0.026235
3 0.029514 0.564300 0.014275 0.019547
3 0.041860 0.584619 0.016590 0.022119
3 0.148920 0.736368 0.016204 0.022119
3 0.216049 0.308128 0.019290 0.026749
3 0.253665 0.347222 0.018133 0.025720
3 0.286458 0.064815 0.018133 0.022634
3 0.339699 0.586677 0.019676 0.025206
3 0.410880 0.161008 0.014660 0.022634
3 0.464313 0.094650 0.018904 0.021605
3 0.542824 0.409465 0.019290 0.023663
3 0.637731 0.631173 0.026235 0.032922
3 0.764853 0.513117 0.017361 0.023148
3 0.788580 0.730710 0.019290 0.025206
3 0.924190 0.478395 0.016590 0.022634
3 0.931713 0.979167 0.018519 0.023148
