3 0.032407 0.485082 0.017747 0.023663
3 0.122492 0.523920 0.015818 0.019033
1 0.133873 0.168210 0.022377 0.032922
3 0.200039 0.300154 0.011960 0.015947
3 0.276235 0.863426 0.015432 0.016975
3 0.298611 0.756430 0.020062 0.022119
3 0.321566 0.335905 0.020448 0.025720
3 0.398341 0.245113 0.017361 0.023148
3 0.424383 0.341049 0.020833 0.027778
3 0.463735 0.327675 0.013117 0.019547
3 0.536458 0.779321 0.017361 0.021605
3 0.537616 0.472222 0.018133 0.024691
3 0.549769 0.338992 0.014660 0.015432
1 0.568673 0.242798 0.029321 0.043210
3 0.568866 0.166409 0.019676 0.023148
3 0.586806 0.914609 0.020833 0.027778
3 0.595872 0.478909 0.017361 0.024691
3 0.597222 0.448817 0.016975 0.019033
3 0.616319 0.409722 0.015818 0.021091
3 0.646026 0.682099 0.016590 0.018519
3 0.843364 0.950874 0.017747 0.022119
3 0.887153 0.386060 0.017361 0.023148
3 0.907600 0.213735 0.021991 0.042695
3 0.969715 0.245113 0.017361 0.020062
