3 0.118056 0.081790 0.023920 0.034979
3 0.133102 0.606481 0.023148 0.029835
3 0.139275 0.925926 0.027006 0.029835
3 0.389853 0.139660 0.028164 0.028292
3 0.394290 0.275977 0.022377 0.030350
3 0.424769 0.826646 0.023920 0.031893
3 0.429591 0.393519 0.023534 0.041152
3 0.442323 0.442901 0.020448 0.034979
3 0.467207 0.386060 0.031636 0.034465
3 0.491705 0.284722 0.021991 0.035494
3 0.497299 0.485597 0.025463 0.031893
3 0.535108 0.710648 0.020833 0.029321
3 0.537809 0.553498 0.024691 0.030864
3 0.560378 0.570730 0.019676 0.036523
3 0.617477 0.169239 0.026620 0.031893
3 0.922068 0.255658 0.023148 0.031893
