3 0.016782 0.650720 0.018904 0.027778
3 0.073110 0.747171 0.016590 0.023148
3 0.091242 0.753858 0.023534 0.030350
3 0.122299 0.925669 0.028549 0.035494
3 0.133873 0.778035 0.026235 0.031379
3 0.160687 0.913580 0.021991 0.027778
3 0.194830 0.797068 0.024691 0.029321
3 0.199846 0.615741 0.029321 0.037037
3 0.301890 0.654835 0.026620 0.033951
3 0.321373 0.781636 0.020062 0.038580
3 0.324074 0.896348 0.025463 0.029321
3 0.322724 0.323817 0.017361 0.032407
3 0.346065 0.408436 0.027006 0.030864
3 0.357060 0.659722 0.025849 0.032407
3 0.369985 0.310957 0.025463 0.029321
3 0.404514 0.724537 0.023534 0.027263
3 0.410108 0.642747 0.021605 0.034465
3 0.440586 0.573817 0.024691 0.029321
3 0.501157 0.626543 0.024691 0.034979
3 0.542631 0.396605 0.029707 0.027778
3 0.621335 0.201646 0.025077 0.030864
3 0.670910 0.838477 0.024691 0.028807
3 0.678434 0.521862 0.020448 0.029321
3 0.687693 0.644805 0.021991 0.030350
3 0.734182 0.762860 0.026235 0.038066
3 0.732832 0.597479 0.022762 0.036523
3 0.761767 0.494342 0.028164 0.029835
3 0.768133 0.043724 0.030093 0.028807
3 0.815008 0.769290 0.029707 0.036523
3 0.826968 0.929784 0.024306 0.034465
3 0.829861 0.332819 0.022377 0.027778
