3 0.154707 0.370628 0.014660 0.020062
3 0.166281 0.481224 0.015432 0.025206
3 0.188079 0.866770 0.016590 0.020576
3 0.208719 0.237397 0.017747 0.021091
3 0.226466 0.675669 0.018519 0.028292
3 0.428627 0.846965 0.016204 0.020062
3 0.471065 0.243056 0.015432 0.024177
3 0.471451 0.479938 0.013889 0.017490
3 0.474923 0.274434 0.012346 0.022119
1 0.500386 0.439043 0.034722 0.038580
3 0.535687 0.062757 0.015046 0.023663
3 0.594907 0.285494 0.015432 0.020576
3 0.610340 0.348251 0.016204 0.021605
3 0.648534 0.418724 0.011574 0.026749
3 0.652585 0.157922 0.018133 0.025720
3 0.663002 0.406636 0.020448 0.026235
3 0.780864 0.469136 0.020062 0.023663
3 0.983410 0.299383 0.016975 0.020576
3 0.986690 0.145062 0.019676 0.025720
