3 0.032986 0.237654 0.018904 0.031893
3 0.181906 0.461163 0.024306 0.035494
3 0.206983 0.969650 0.018904 0.040123
3 0.251736 0.834619 0.031250 0.035494
3 0.254437 0.579475 0.030478 0.034465
3 0.271219 0.303755 0.024691 0.033436
3 0.333140 0.175669 0.023534 0.029321
3 0.356867 0.124486 0.023920 0.031893
3 0.382523 0.032665 0.026620 0.032407
3 0.413580 0.170267 0.023148 0.030864
3 0.505208 0.811986 0.022762 0.038580
3 0.562886 0.705761 0.033951 0.034979
3 0.620563 0.123200 0.025077 0.030350
3 0.679398 0.074846 0.020062 0.032407
3 0.815972 0.899949 0.029321 0.035494
3 0.826389 0.311214 0.021605 0.027778
3 0.857446 0.171811 0.030478 0.028807
3 0.972029 0.218879 0.027392 0.026235
