3 0.012346 0.226080 0.022377 0.028292
3 0.037037 0.769033 0.021605 0.024691
3 0.104167 0.346965 0.024691 0.029321
3 0.123264 0.051955 0.026620 0.027778
3 0.210455 0.958333 0.029707 0.040123
3 0.254051 0.471193 0.013503 0.019547
3 0.273920 0.466049 0.019290 0.030864
1 0.309221 0.561728 0.022762 0.031893
3 0.323110 0.983282 0.023534 0.031379
3 0.353974 0.794753 0.023534 0.032922
1 0.385995 0.623457 0.025849 0.027778
3 0.394676 0.073560 0.028549 0.036008
1 0.394097 0.754630 0.027392 0.037037
3 0.400849 0.895062 0.017747 0.034979
3 0.427083 0.156893 0.021605 0.030864
3 0.511960 0.390175 0.023920 0.029321
1 0.583526 0.388117 0.046682 0.050926
3 0.600694 0.674126 0.024691 0.024177
3 0.616512 0.773405 0.026235 0.033436
3 0.690201 0.781636 0.022377 0.025206
3 0.703704 0.625514 0.022377 0.026749
3 0.768326 0.024177 0.021991 0.024691
3 0.774498 0.385545 0.012731 0.016975
3 0.807099 0.354938 0.024691 0.033951
3 0.828318 0.906893 0.023920 0.036008
3 0.849151 0.067130 0.033951 0.032407
3 0.865162 0.680556 0.014275 0.019547
