3 0.108796 0.492541 0.022377 0.031379
3 0.119792 0.144290 0.028935 0.036523
3 0.125965 0.174126 0.026620 0.032407
3 0.134259 0.748457 0.022377 0.025720
3 0.182677 0.481224 0.019676 0.028292
3 0.278164 0.665895 0.028549 0.035494
3 0.359761 0.057613 0.025849 0.043210
3 0.383488 0.622685 0.026235 0.035494
3 0.540316 0.121914 0.022762 0.030864
3 0.558256 0.950103 0.030093 0.039095
3 0.617091 0.564558 0.028164 0.037551
3 0.638696 0.256173 0.025849 0.032922
3 0.755980 0.332047 0.018133 0.028292
3 0.764082 0.225051 0.024306 0.030350
3 0.897762 0.382973 0.029321 0.036523
3 0.968364 0.275206 0.028549 0.033951
