3 0.032407 0.128601 0.029321 0.038066
3 0.043210 0.660494 0.023920 0.032922
3 0.053627 0.800154 0.027006 0.031379
3 0.114969 0.921811 0.026235 0.025720
3 0.137539 0.889918 0.020448 0.036008
3 0.171489 0.158693 0.033565 0.045782
3 0.173225 0.722222 0.027006 0.040123
3 0.219907 0.865484 0.019290 0.033436
3 0.320409 0.961163 0.028164 0.038580
3 0.329668 0.549897 0.018904 0.029835
3 0.347415 0.816101 0.023534 0.027263
3 0.371335 0.350309 0.018133 0.028807
3 0.381752 0.772119 0.023534 0.027778
3 0.424190 0.168210 0.027392 0.037037
3 0.653935 0.444702 0.023920 0.034465
3 0.655864 0.962191 0.021605 0.034465
3 0.780478 0.471708 0.027778 0.032922
3 0.807099 0.957305 0.023148 0.033951
3 0.903935 0.150720 0.020833 0.027778
3 0.963927 0.291667 0.022762 0.031893
3 0.990934 0.099280 0.015818 0.018519
3 0.992477 0.278292 0.012731 0.019547
