3 0.113812 0.259002 0.027006 0.033436
3 0.122878 0.054527 0.028935 0.038066
3 0.197724 0.634002 0.018904 0.036523
3 0.238040 0.052469 0.027778 0.033951
3 0.243248 0.166667 0.028935 0.027778
3 0.252315 0.667438 0.027778 0.026235
3 0.315972 0.223508 0.018519 0.036523
3 0.333719 0.903292 0.026235 0.023663
3 0.351080 0.744342 0.021605 0.034979
3 0.355710 0.673868 0.021605 0.033951
3 0.358218 0.221193 0.024306 0.029835
3 0.360918 0.174897 0.021219 0.038066
3 0.371528 0.127829 0.023148 0.043724
3 0.389853 0.179784 0.023534 0.029321
3 0.425540 0.382459 0.030093 0.025206
3 0.429012 0.544496 0.025463 0.036523
3 0.431713 0.163837 0.018519 0.032407
3 0.451775 0.224023 0.026235 0.041667
3 0.460455 0.906121 0.022762 0.032407
3 0.464313 0.862912 0.021991 0.032407
3 0.496528 0.297582 0.020833 0.034465
3 0.574653 0.664095 0.023534 0.036008
3 0.596836 0.144033 0.025463 0.034979
3 0.610340 0.545525 0.022377 0.026235
3 0.657215 0.708076 0.021219 0.028292
3 0.708526 0.584105 0.028935 0.032407
3 0.705247 0.897891 0.019290 0.033436
3 0.715471 0.614969 0.029707 0.029321
3 0.736690 0.420782 0.040509 0.027778
3 0.772762 0.559156 0.025463 0.026749
3 0.782022 0.804527 0.025463 0.029835
3 0.905478 0.588992 0.022377 0.030864
3 0.910687 0.127572 0.025077 0.040123
