3 0.023534 0.188786 0.025463 0.050412
3 0.031250 0.786265 0.027006 0.035494
3 0.105131 0.121656 0.025849 0.033436
3 0.109375 0.393004 0.025077 0.042181
3 0.123457 0.418467 0.024691 0.042695
3 0.186921 0.135288 0.028164 0.038066
3 0.302855 0.450617 0.027006 0.036008
3 0.366512 0.269805 0.029321 0.041667
3 0.368634 0.743827 0.031250 0.036008
3 0.384838 0.876800 0.023534 0.031379
3 0.428627 0.509774 0.025463 0.029835
3 0.445023 0.826646 0.022762 0.039095
3 0.470100 0.740484 0.026620 0.034465
3 0.539352 0.291152 0.033951 0.047325
3 0.574846 0.217078 0.032407 0.039095
3 0.692515 0.347479 0.029321 0.037551
3 0.709105 0.384516 0.037809 0.033436
3 0.716628 0.344393 0.025849 0.033436
3 0.738233 0.141975 0.035880 0.043210
3 0.745949 0.593107 0.028935 0.054527
3 0.778549 0.057870 0.036265 0.048868
3 0.817130 0.612140 0.030093 0.047325
3 0.868827 0.345679 0.031636 0.036008
3 0.968750 0.204990 0.026235 0.036523
