3 0.069830 0.853652 0.029321 0.031379
3 0.118056 0.283951 0.023148 0.028807
3 0.139275 0.283436 0.015432 0.020576
3 0.136381 0.305556 0.008873 0.019547
3 0.144483 0.696759 0.015818 0.022119
3 0.165702 0.488426 0.028164 0.033436
3 0.161844 0.960134 0.019676 0.038580
3 0.279900 0.511574 0.009645 0.020062
3 0.402199 0.307613 0.022762 0.030864
3 0.413194 0.579218 0.032407 0.022634
3 0.501929 0.717335 0.023920 0.037551
3 0.636188 0.154578 0.021605 0.035494
3 0.686535 0.087706 0.025849 0.027263
3 0.699074 0.542438 0.011574 0.012860
3 0.734375 0.938272 0.026620 0.026749
3 0.842978 0.290638 0.023920 0.029835
3 0.942708 0.299126 0.033565 0.044753
