3 0.024113 0.148920 0.025849 0.032407
3 0.034529 0.496399 0.025849 0.034979
3 0.054591 0.676183 0.025077 0.035494
3 0.057099 0.832305 0.024691 0.042181
3 0.060185 0.311728 0.030093 0.028807
3 0.222994 0.121399 0.021605 0.037037
3 0.332176 0.768519 0.027778 0.038066
3 0.348573 0.436986 0.028935 0.029321
3 0.358989 0.647891 0.038966 0.030350
3 0.365355 0.455247 0.025463 0.030864
3 0.376543 0.215021 0.018519 0.031893
3 0.391397 0.793210 0.028164 0.032922
3 0.411651 0.199331 0.026235 0.029321
3 0.460262 0.272891 0.030864 0.036523
3 0.468750 0.070473 0.023920 0.040123
3 0.508295 0.434928 0.020448 0.024177
3 0.531057 0.444187 0.022762 0.031379
3 0.548611 0.581533 0.033179 0.031379
3 0.591435 0.577418 0.018519 0.042695
3 0.607639 0.715278 0.018519 0.033436
3 0.646991 0.436214 0.021605 0.046296
3 0.674190 0.912551 0.030478 0.021605
3 0.721065 0.654578 0.023920 0.041667
3 0.724344 0.256687 0.023534 0.028807
3 0.755208 0.844650 0.024306 0.034979
3 0.772377 0.422582 0.027006 0.034465
3 0.800154 0.472994 0.024691 0.033436
3 0.882716 0.209619 0.023920 0.035494
3 0.889275 0.954733 0.030864 0.044239
3 0.895640 0.333591 0.023534 0.032407
3 0.905478 0.147634 0.023148 0.039095
