3 0.102238 0.435442 0.016975 0.022119
3 0.173225 0.880401 0.018519 0.022119
3 0.185957 0.401749 0.016975 0.023663
3 0.211806 0.157922 0.014660 0.023663
3 0.216628 0.393519 0.016590 0.025720
3 0.234954 0.909465 0.018519 0.022634
3 0.235918 0.529064 0.017361 0.021091
3 0.262346 0.619084 0.009259 0.018004
3 0.343364 0.656636 0.016975 0.022119
3 0.540123 0.578447 0.020062 0.025206
3 0.554977 0.438014 0.019676 0.025206
3 0.596451 0.600051 0.016975 0.023148
3 0.605903 0.704990 0.016590 0.022119
3 0.634259 0.500257 0.026235 0.028292
3 0.648341 0.188529 0.017361 0.022119
3 0.654321 0.211420 0.014660 0.017490
3 0.715856 0.393519 0.017361 0.025720
3 0.729745 0.391204 0.010417 0.016975
3 0.738426 0.879115 0.020062 0.044239
3 0.745756 0.518519 0.015432 0.019547
3 0.762539 0.444702 0.018133 0.026235
3 0.862654 0.425154 0.021605 0.026235
3 0.868634 0.860082 0.017361 0.020576
3 0.898727 0.599537 0.016590 0.023148
