3 0.111650 0.995832 0.031546 0.007308
3 0.086129 0.220336 0.023574 0.038274
3 0.205474 0.979235 0.022910 0.030091
3 0.198202 0.430028 0.017934 0.024825
3 0.202497 0.071368 0.025170 0.029911
3 0.267349 0.335209 0.024050 0.034804
3 0.281482 0.511933 0.022692 0.032081
3 0.322059 0.876026 0.024527 0.031335
3 0.325522 0.851726 0.020609 0.029759
3 0.356396 0.639023 0.023035 0.031625
3 0.365492 0.657891 0.025968 0.035081
3 0.353778 0.065863 0.029731 0.030063
3 0.379796 0.291062 0.019116 0.030049
3 0.402803 0.548516 0.023252 0.029635
3 0.419100 0.471920 0.022692 0.032081
3 0.412690 0.299515 0.028695 0.035979
3 0.445828 0.160215 0.029928 0.037168
0 0.526390 0.467063 0.062987 0.084895
3 0.563168 0.834549 0.030975 0.045406
3 0.598789 0.117990 0.023315 0.021051
3 0.652980 0.786422 0.024558 0.036394
3 0.641351 0.537676 0.022361 0.027990
3 0.630112 0.104680 0.029109 0.041093
3 0.717916 0.936422 0.026611 0.033657
3 0.712025 0.674690 0.023055 0.022530
3 0.735368 0.924334 0.018328 0.039034
3 0.733205 0.567382 0.028446 0.032910
3 0.744167 0.609263 0.024662 0.028321
3 0.738413 0.124254 0.025377 0.032468
3 0.844071 0.620993 0.026570 0.033145
3 0.867313 0.591773 0.027233 0.041328
3 0.872038 0.298244 0.024133 0.035827
3 0.874298 0.259113 0.026704 0.030132
3 0.907588 0.518965 0.034262 0.043858
3 0.899157 0.288126 0.023200 0.033671
3 0.925644 0.284568 0.031328 0.040402
3 0.941132 0.265002 0.027285 0.037292
3 0.964662 0.564808 0.019966 0.031183
3 0.933877 0.127644 0.023180 0.024064
3 0.987398 0.751346 0.024432 0.035011
3 0.995617 0.141488 0.007995 0.024990
