3 0.080633 0.925669 0.027778 0.037551
3 0.121914 0.521091 0.027006 0.037037
3 0.137153 0.381430 0.031250 0.029321
3 0.137153 0.425926 0.025077 0.030864
3 0.184028 0.683899 0.029321 0.044753
3 0.204668 0.447274 0.032022 0.030350
3 0.243248 0.932099 0.027392 0.036008
3 0.305363 0.958591 0.022762 0.032407
3 0.315779 0.313014 0.035108 0.046811
3 0.327932 0.702932 0.029321 0.032407
3 0.410687 0.495885 0.025849 0.026749
3 0.533758 0.731224 0.026620 0.032407
3 0.543596 0.561728 0.025463 0.037037
3 0.545525 0.523405 0.027006 0.038580
3 0.684028 0.603138 0.025463 0.034465
3 0.713927 0.932099 0.025077 0.040123
3 0.765818 0.909208 0.030093 0.041667
3 0.820409 0.122428 0.023534 0.028807
3 0.830247 0.677212 0.031636 0.031379
3 0.871335 0.856481 0.030478 0.030864
3 0.875386 0.289866 0.023920 0.030350
3 0.903356 0.723251 0.019676 0.040123
3 0.911073 0.227623 0.031250 0.026235
3 0.922261 0.670525 0.023534 0.029321
3 0.948495 0.090021 0.019676 0.039095
3 0.965085 0.620113 0.023534 0.030350
