3 0.035687 0.325874 0.006559 0.010802
3 0.065586 0.709362 0.015432 0.018519
3 0.086613 0.556327 0.018904 0.024177
1 0.165316 0.198560 0.055941 0.061728
1 0.144097 0.241770 0.012731 0.025720
3 0.148534 0.623457 0.014660 0.020576
1 0.156636 0.247942 0.020833 0.034979
3 0.188079 0.578704 0.016590 0.023663
3 0.263117 0.074846 0.016975 0.020062
3 0.284915 0.366255 0.014275 0.023663
3 0.316937 0.570988 0.014275 0.019547
3 0.329282 0.284465 0.015818 0.021605
3 0.343557 0.283179 0.013503 0.016975
3 0.350887 0.691872 0.015818 0.016461
3 0.368827 0.088477 0.018519 0.031893
1 0.375965 0.288837 0.028164 0.037551
3 0.402199 0.314815 0.021219 0.027778
1 0.482446 0.610082 0.022762 0.042181
3 0.500193 0.805813 0.019676 0.024177
3 0.520448 0.044753 0.017747 0.018519
3 0.527199 0.468107 0.018133 0.023663
3 0.541667 0.100566 0.019290 0.027263
3 0.548225 0.077418 0.016204 0.024177
3 0.563272 0.399691 0.023920 0.020576
3 0.566358 0.099537 0.020062 0.025206
1 0.579668 0.479167 0.028164 0.044753
3 0.588542 0.229938 0.015046 0.019547
3 0.592785 0.550154 0.019676 0.024177
3 0.595293 0.126800 0.013889 0.019033
3 0.614583 0.793724 0.018519 0.022634
3 0.720100 0.697016 0.017361 0.018519
3 0.729167 0.801183 0.012346 0.022119
3 0.737461 0.813786 0.017361 0.021605
3 0.750965 0.674126 0.013503 0.014918
3 0.802083 0.367798 0.013889 0.020576
3 0.800733 0.958591 0.008873 0.013889
3 0.816165 0.364969 0.018133 0.020062
