3 0.085455 0.845165 0.018904 0.025720
3 0.145448 0.207305 0.025463 0.037037
3 0.179398 0.674640 0.025463 0.032407
3 0.185185 0.368313 0.021605 0.027778
3 0.202739 0.544239 0.026620 0.032922
3 0.277971 0.569187 0.025849 0.035494
3 0.300347 0.455247 0.023534 0.028807
3 0.361883 0.731224 0.021605 0.030350
3 0.391782 0.529578 0.022762 0.045782
3 0.486111 0.690329 0.020062 0.028807
3 0.513117 0.529578 0.024691 0.029321
3 0.515432 0.551183 0.029321 0.032407
3 0.592978 0.681842 0.025463 0.035494
3 0.736111 0.942901 0.024691 0.030864
3 0.849537 0.061214 0.024691 0.033951
3 0.896026 0.977366 0.019676 0.028807
3 0.939429 0.531121 0.022377 0.031379
3 0.978588 0.820473 0.020448 0.025720
