3 0.032215 0.250257 0.016590 0.020062
3 0.039931 0.563786 0.015818 0.021605
3 0.105131 0.771605 0.019676 0.026749
3 0.189236 0.018776 0.014275 0.019033
3 0.191551 0.517490 0.015818 0.018519
3 0.266204 0.495628 0.018519 0.030350
3 0.414159 0.447531 0.011960 0.015432
3 0.509452 0.013117 0.018133 0.020062
3 0.517168 0.511060 0.017361 0.026235
3 0.673418 0.474537 0.019676 0.025206
3 0.701775 0.955247 0.010031 0.017490
3 0.771991 0.475309 0.020833 0.023663
3 0.825810 0.894033 0.016590 0.020576
3 0.937886 0.922582 0.018519 0.022119
3 0.954668 0.930041 0.017361 0.019547
