3 0.972029 0.060957 0.028935 0.034465
3 0.933642 0.851080 0.020833 0.035494
3 0.876157 0.079475 0.020833 0.027263
3 0.839120 0.626543 0.016204 0.022634
3 0.805941 0.982510 0.023148 0.026749
3 0.762732 0.710905 0.021605 0.031893
3 0.762924 0.533179 0.020448 0.029321
3 0.751929 0.165381 0.022377 0.028292
3 0.746528 0.189043 0.018519 0.027263
3 0.698688 0.396091 0.020833 0.028807
3 0.691165 0.376029 0.023534 0.031893
3 0.655093 0.966307 0.027778 0.026235
3 0.647377 0.738683 0.016975 0.027778
3 0.645255 0.479424 0.021219 0.026749
3 0.622878 0.553241 0.020447 0.029321
3 0.615355 0.725566 0.026235 0.032407
3 0.571181 0.859311 0.027392 0.033436
0 0.515818 0.542695 0.057099 0.077160
3 0.508873 0.172068 0.027778 0.041667
3 0.415702 0.879372 0.021991 0.018004
3 0.415702 0.207047 0.021991 0.033436
3 0.407214 0.456019 0.020448 0.025206
3 0.383488 0.888117 0.026235 0.037551
3 0.363233 0.048611 0.024306 0.030350
3 0.347994 0.309671 0.021605 0.019547
3 0.344907 0.058128 0.015432 0.037037
3 0.318287 0.413323 0.026235 0.029321
3 0.310764 0.370113 0.022762 0.025206
3 0.277392 0.853138 0.023148 0.029321
3 0.212384 0.344136 0.024306 0.029835
3 0.186921 0.369856 0.024306 0.038066
3 0.158565 0.661008 0.021605 0.032922
3 0.153164 0.699588 0.024691 0.026749
3 0.141011 0.436471 0.031250 0.039609
3 0.130787 0.667181 0.020833 0.030864
3 0.104167 0.666924 0.028549 0.036523
3 0.087191 0.684156 0.024691 0.033951
3 0.087963 0.382716 0.017747 0.028807
3 0.083333 0.821759 0.021605 0.021091
3 0.078125 0.193673 0.026620 0.031379
3 0.017554 0.798354 0.017361 0.022634
