1 0.247492 0.077160 0.028164 0.049383
1 0.304977 0.376543 0.028935 0.026749
1 0.362269 0.614455 0.020833 0.030350
1 0.486497 0.426440 0.031636 0.099794
0 0.507330 0.623714 0.020833 0.032407
3 0.536651 0.825103 0.020833 0.031893
1 0.558063 0.808385 0.022762 0.029321
1 0.575617 0.648920 0.025463 0.031379
1 0.644290 0.627829 0.026235 0.037551
3 0.670332 0.863940 0.019676 0.032407
3 0.714699 0.430556 0.029707 0.031893
1 0.736690 0.600051 0.028935 0.033436
1 0.744599 0.576132 0.024691 0.029835
1 0.837384 0.650977 0.032793 0.036523
3 0.868441 0.510545 0.020062 0.028292
3 0.880980 0.486883 0.021991 0.027263
3 0.936921 0.831276 0.028164 0.029835
