3 0.098380 0.676440 0.030093 0.036008
3 0.117863 0.695730 0.032793 0.048868
3 0.131173 0.948302 0.020833 0.031379
3 0.141782 0.370885 0.018904 0.024691
3 0.151813 0.352881 0.034336 0.031893
3 0.143904 0.780864 0.016204 0.025720
3 0.182099 0.060957 0.031636 0.032407
3 0.345872 0.692387 0.029707 0.028807
3 0.349730 0.535494 0.027392 0.040123
3 0.468750 0.776492 0.027778 0.039609
3 0.544560 0.105710 0.021991 0.026235
3 0.604745 0.188272 0.026620 0.027778
3 0.659722 0.904321 0.027778 0.041152
3 0.774691 0.903807 0.023920 0.043210
3 0.782986 0.485854 0.023534 0.032407
3 0.827353 0.495885 0.024306 0.027778
3 0.838927 0.898920 0.022762 0.034465
3 0.923997 0.605967 0.023920 0.031893
3 0.967978 0.907665 0.023148 0.033436
