3 0.079282 0.237654 0.025849 0.036008
3 0.107253 0.227623 0.033179 0.044753
3 0.171875 0.236626 0.028935 0.041152
3 0.211420 0.833076 0.030864 0.038580
3 0.251736 0.434928 0.025849 0.057099
3 0.297068 0.317130 0.026235 0.044753
3 0.319637 0.597222 0.022762 0.034979
3 0.335262 0.050412 0.033179 0.050412
3 0.424576 0.257202 0.021991 0.043210
3 0.486883 0.357510 0.030864 0.056584
3 0.493827 0.727881 0.032407 0.044239
3 0.630594 0.313529 0.025077 0.042695
3 0.666860 0.887346 0.025077 0.036008
3 0.733796 0.465535 0.028549 0.029835
3 0.740741 0.489712 0.027778 0.026749
3 0.794753 0.906121 0.033951 0.039609
3 0.869020 0.845936 0.033565 0.038580
3 0.892554 0.113426 0.027392 0.037551
3 0.957176 0.165123 0.025463 0.031893
