3 0.014468 0.600823 0.017361 0.023663
3 0.035301 0.389660 0.017361 0.022119
3 0.073110 0.596451 0.021219 0.026235
3 0.122878 0.805813 0.017361 0.024177
3 0.143711 0.317901 0.014275 0.021605
3 0.146798 0.799126 0.018133 0.026235
3 0.159144 0.230710 0.019676 0.019033
3 0.190008 0.572016 0.016590 0.020576
3 0.204668 0.982767 0.021991 0.023148
3 0.209877 0.591821 0.016975 0.022119
3 0.229360 0.020319 0.017361 0.024177
3 0.285494 0.295782 0.020833 0.021605
3 0.326389 0.203189 0.016204 0.016461
3 0.350116 0.383230 0.018133 0.023663
3 0.367284 0.456276 0.016975 0.025720
3 0.394290 0.517233 0.019290 0.025206
3 0.413387 0.311471 0.019676 0.028292
3 0.436921 0.631173 0.015046 0.020576
3 0.532407 0.598251 0.012346 0.019547
3 0.538580 0.617027 0.016204 0.020062
3 0.732253 0.685700 0.017747 0.018519
3 0.750000 0.233025 0.016204 0.022634
3 0.767361 0.057870 0.019290 0.024177
3 0.811535 0.037551 0.022762 0.027778
3 0.859375 0.201132 0.018904 0.025720
3 0.889468 0.536523 0.015818 0.023663
3 0.964120 0.784465 0.018519 0.017490
