3 0.091049 0.916667 0.013889 0.018519
3 0.132909 0.947788 0.017361 0.023148
3 0.168210 0.781893 0.018519 0.024691
3 0.170525 0.627572 0.015432 0.020576
3 0.221451 0.649691 0.018519 0.024691
3 0.296682 0.698302 0.013117 0.018004
3 0.365162 0.775463 0.012731 0.016975
3 0.426312 0.768519 0.013889 0.018519
1 0.453704 0.274691 0.026235 0.036008
3 0.489969 0.453189 0.015432 0.020576
3 0.511767 0.712449 0.014275 0.018519
3 0.566358 0.777778 0.012346 0.016461
3 0.628665 0.915895 0.014275 0.019033
3 0.821373 0.801698 0.016975 0.022119
3 0.887731 0.658179 0.017747 0.023148
