3 0.114776 0.649177 0.025077 0.023663
3 0.125579 0.162294 0.028935 0.042695
3 0.129051 0.957819 0.027392 0.032922
3 0.154514 0.070988 0.021219 0.028807
3 0.181520 0.814815 0.021219 0.028807
3 0.248843 0.163323 0.024691 0.031379
3 0.263117 0.612912 0.017747 0.032407
3 0.274306 0.301698 0.022377 0.030350
3 0.282986 0.677212 0.028164 0.036523
3 0.282793 0.473251 0.026235 0.037037
3 0.301312 0.162037 0.021605 0.028807
3 0.313272 0.923097 0.020833 0.037551
3 0.412616 0.267233 0.022762 0.031379
3 0.423225 0.631430 0.027778 0.037551
3 0.420525 0.444444 0.017747 0.027778
3 0.427083 0.461677 0.019290 0.023148
3 0.437307 0.123971 0.019676 0.030864
3 0.465856 0.652263 0.025077 0.043210
3 0.494406 0.255916 0.023534 0.033436
3 0.513889 0.642490 0.027006 0.038066
3 0.546682 0.019805 0.019290 0.026235
3 0.561728 0.110082 0.027006 0.034979
3 0.575617 0.835391 0.025463 0.032922
3 0.586034 0.403035 0.020833 0.042695
3 0.630980 0.487397 0.029707 0.027263
3 0.684221 0.054270 0.018133 0.027263
3 0.695023 0.905093 0.027392 0.033436
3 0.742477 0.655607 0.028164 0.036523
3 0.829861 0.346965 0.025463 0.034465
3 0.830054 0.025720 0.020448 0.039095
3 0.882716 0.887860 0.026235 0.044239
3 0.936921 0.852623 0.018904 0.036523
3 0.943287 0.949331 0.025463 0.036523
3 0.973573 0.767490 0.025849 0.038066
