3 0.089313 0.034208 0.032793 0.041667
3 0.175733 0.843364 0.030478 0.026235
3 0.190394 0.690844 0.020448 0.027778
3 0.218557 0.469650 0.028935 0.036008
3 0.300733 0.361368 0.021219 0.024177
3 0.335069 0.525206 0.031250 0.022634
3 0.364583 0.894033 0.027778 0.020576
3 0.364005 0.227623 0.016590 0.040638
3 0.381366 0.364712 0.025077 0.030864
3 0.466049 0.186986 0.020062 0.032407
3 0.467978 0.920525 0.020062 0.028292
3 0.473573 0.482510 0.025077 0.039095
3 0.514660 0.632716 0.028549 0.030864
3 0.533951 0.076646 0.030864 0.038066
3 0.621721 0.860340 0.023534 0.027263
3 0.629244 0.728909 0.029321 0.031893
3 0.625193 0.695473 0.019676 0.027778
3 0.636188 0.158436 0.029321 0.031893
3 0.691937 0.516718 0.027392 0.032407
3 0.719522 0.086420 0.029321 0.032922
3 0.796103 0.903292 0.025077 0.033951
3 0.892940 0.870370 0.025077 0.026749
3 0.922261 0.449331 0.026620 0.029321
3 0.967593 0.522377 0.021605 0.028292
3 0.979360 0.505916 0.024306 0.025206
