3 0.033758 0.451646 0.030478 0.045267
3 0.113812 0.568930 0.033179 0.045267
3 0.272955 0.970679 0.031250 0.028807
3 0.274691 0.930298 0.027778 0.033436
3 0.304398 0.674126 0.027006 0.049897
3 0.360340 0.643519 0.027778 0.039095
3 0.376929 0.158693 0.043210 0.044753
3 0.369020 0.310442 0.025849 0.047840
3 0.421489 0.061214 0.031250 0.033951
3 0.420332 0.090278 0.024306 0.029321
3 0.449846 0.452160 0.030864 0.051440
3 0.472415 0.567901 0.025849 0.034979
3 0.516397 0.701903 0.031250 0.045782
3 0.597029 0.657665 0.034336 0.041667
3 0.640239 0.704475 0.035880 0.039609
3 0.799769 0.067130 0.036265 0.060185
3 0.889660 0.615226 0.038580 0.041152
3 0.945216 0.935700 0.030864 0.033951
